102513
104012
104416
107321
107422
109123
112516
114217
118124
118225
122822
123925
130619
131217
131722
136732
137229
137633
145127
148335
149842
151425
152831
154936
155938
157437
157942
158843
164030
164131
166438
167036
167238
168240
171633
172029
173940
177241
178950
179245
179346
180432
180937
181636
185341
185442
189450
191336
192843
194746
195041
195849
195950
198249
198350
198855
200008
200311
201414
204319
207123
209228
211316
211922
212116
223929
227432
268850
285345
303119
308331
309636
311320
316633
316835
330324
339847
346945
352132
381543
397154
432332
433839
436239
456346
459453
479762
500222
512835
562345
571144
580751
587664
611938
627852
645450
660951
667056
677766
687163
690152
700634
735148
769064
783462
789373
803240
816653
820745
833148
837964
841349
877269
907656
922854
952863
955465
965367
987983
993675
